time		GPIO	Temperature, C	Humidity, %
10:45:08	13	19.3		35.5
10:44:52	5	21.9		35.6
10:45:19	14	21.4		35.8

19:15:43	13	17.8		34.3
19:15:40	5	23.7		29.6
19:15:46	14	23.3		30.9

19:18:01	13	14.8		42.8
19:18:00	5	15.2		43.0
19:18:01	14	23.3		30.6

19:18:20	13	14.5		43.6
19:18:14	5	15.2		43.5
19:18:20	14	21.8		32.9

19:18:41	13	15.0		44.8
19:18:30	5	14.4		47.7
19:18:42	14	21.5		33.5

19:24:25	13	15.3		41.4
19:24:19	5	14.4		48.2
19:24:26	14	20.9		34.4

19:36:37	13	16.3		36.8
19:36:33	5	23.5		29.7
19:36:37	14	11.5		3279.3

19:36:48	13	16.0		37.9
19:36:40	5	14.6		47.9
19:36:51	14	21.0		34.9

19:37:11	13	15.4		39.7
19:37:08	5	14.4		48.7
19:37:14	14	20.6		35.7

